Квадрат0
-8801242
6,56874
334
407
203
Квадрат1
-7917021
6,033292
144
164
31
Квадрат2
-10165243
8,28934
36
221
117
Квадрат3
-9753622
7,167244
70
83
19
Квадрат4
-2447920
7,73422
282
292
13
Квадрат5
-11656009
8,301196
495
1
7
Квадрат6
-4350307
8,868172
208
211
1
Квадрат0
-1586018
1,427379
270
308
266
Квадрат7
-6662785
1,124219
100
267
87
Квадрат1
-10728315
1,994355
483
17
260
Квадрат8
-15806874
1,691195
312
476
81
Квадрат2
-16544634
9,769835
114
427
497
Квадрат9
-8565172
2,258171
25
186
75
Квадрат3
-9302931
0,3368115
326
136
491
Квадрат10
-1259725
2,825147
238
395
69
Квадрат4
-1997485
0,9037874
39
346
485
Квадрат11
-3637483
5,081195
130
452
155
Квадрат5
-11205574
1,470763
252
55
479
Квадрат12
-9453802
2,856675
260
362
392
Квадрат6
-3899872
2,037739
464
264
473
Квадрат13
-8503789
2,321227
71
119
220
Квадрат7
-6277886
4,293787
356
321
59
Квадрат14
-1198092
2,888203
283
328
214
Квадрат8
-8525858
6,549834
249
378
145
Квадрат15
-4048957
4,557603
398
490
374
Квадрат9
-8114487
5,427738
282
240
47
Квадрат16
-6362714
6,81365
291
46
459
Квадрат10
-10428501
7,683786
174
296
133
Квадрат17
-15505268
7,380626
3
256
453
Квадрат11
-10016874
6,56169
207
158
35
Квадрат18
-8199566
7,947602
216
465
447
Квадрат12
-2711428
7,128666
420
368
29
Квадрат19
-14079884
5,723083
347
375
184
Квадрат13
-1761414
6,593218
230
125
357
Квадрат20
-10101953
9,081553
141
384
435
Квадрат14
-4548279
8,262617
345
286
17
Квадрат21
-2860506
9,648529
354
93
429
Квадрат15
-6926037
0,5186654
237
343
103
Квадрат22
-1846749
9,113082
164
350
258
Квадрат16
-12742355
8,294146
368
253
339
Квадрат23
-4762643
0,7824814
279
11
417
Квадрат17
-8762894
1,652617
162
261
91
Квадрат24
-3748886
0,2470335
89
269
246
Квадрат18
-14578956
9,428098
293
171
327
Квадрат25
-12891184
0,8140093
302
478
240
Квадрат19
-7403046
9,995073
6
381
321
Квадрат26
-12415813
9,691914
335
340
142
Квадрат20
-9651268
2,251121
398
437
407
Квадрат27
-5174110
0,2588895
48
49
136
Квадрат21
-12502132
3,920521
13
99
67
Квадрат28
-658049
4,204009
119
453
314
Квадрат22
-5261966
4,487496
226
308
61
Квадрат29
-9800602
4,770984
332
163
308
Квадрат23
-11078284
2,262977
357
218
297
Квадрат30
-2560436
5,33796
45
372
302
Квадрат24
-3836582
2,829953
69
427
291
Квадрат31
-8849605
2,526793
399
387
112
Квадрат25
-12915135
3,396929
282
137
285
Квадрат32
-11227363
4,782841
291
443
198
Квадрат26
-15293149
5,652977
174
193
371
Квадрат33
-13539840
7,038888
183
0
284
Квадрат27
-14817522
4,530881
207
55
273
Квадрат34
-6299424
7,605864
395
209
278
Квадрат28
-7575826
5,097857
420
264
267
Квадрат35
-5888053
6,483768
429
71
180
Квадрат29
-3123508
9,042976
491
169
445
Квадрат36
-4874296
5,94832
239
328
8
Квадрат30
-12202062
9,609951
204
378
439
Квадрат37
-7724904
7,61772
354
490
168
Квадрат31
-4960359
0,1769274
417
87
433
Квадрат38
-484994
8,184696
67
199
162
Квадрат32
-14038913
0,7439033
129
296
427
Квадрат39
-2797216
0,4407433
459
256
248
Квадрат33
-6863002
1,310879
342
6
421
Квадрат40
-11875769
1,007719
171
465
242
Квадрат34
-15941300
1,877855
55
215
415
Квадрат41
-10925756
0,4722714
482
222
70
Квадрат35
-8699853
2,444831
267
424
409
Квадрат42
-3685846
1,039247
194
432
64
Квадрат36
-1459687
3,011807
480
134
403
Квадрат43
-6536460
2,708647
309
93
224
Квадрат37
-10602240
3,578783
193
343
397
Квадрат44
-12352522
0,4841274
440
3
460
Квадрат38
-16418303
1,354263
323
253
133
Квадрат45
-5111076
1,051103
153
212
454
Квадрат39
-9112606
1,921239
36
462
127
Квадрат46
-14254910
1,618079
365
422
448
Квадрат40
-1870904
2,488215
249
172
121
Квадрат47
-6949463
2,185055
78
131
442
Квадрат41
-10949458
3,055191
461
381
115
Квадрат48
-16091761
2,752031
291
340
436
Квадрат42
-13327471
5,311238
353
438
201
Квадрат49
-8786314
3,319007
3
49
430
Квадрат43
-12851845
4,189143
387
299
103
Квадрат50
-11164072
5,575054
395
106
16
Квадрат44
-15164323
6,44519
279
356
189
Квадрат51
-3922626
6,14203
108
315
10
Квадрат45
-7988156
7,012166
491
65
183
Квадрат52
-13001179
6,709006
321
25
4
Квадрат46
-682710
7,579142
204
275
177
Квадрат53
-5825013
7,275982
33
234
498
Квадрат47
-9825007
8,146118
417
484
171
Квадрат54
-14903316
7,842958
246
443
492
Квадрат48
-2584847
8,713094
129
193
165
Квадрат55
-7661614
8,409933
459
153
486
Квадрат49
-11727400
9,280069
342
403
159
Квадрат56
-6647857
7,874486
269
410
314
Квадрат50
-4421698
9,847046
55
112
153
Квадрат57
-2733925
1,232957
63
419
66
Квадрат51
-10238016
7,622526
186
22
389
Квадрат58
-11812479
1,799933
276
128
60
Квадрат52
-2996314
8,189502
398
231
383
Квадрат59
-4571032
2,366909
489
337
54
Квадрат53
-12074867
8,756477
111
441
377
Квадрат60
-13714866
2,933885
201
47
48
Квадрат54
-4898701
9,323454
324
150
371
Квадрат61
-6473420
3,500861
414
256
42
Квадрат55
-13977254
9,890429
36
359
365
Квадрат62
-12289482
1,276341
45
166
278
Квадрат56
-6735808
0,4574054
249
68
359
Квадрат63
-4984036
1,843317
258
375
272
Квадрат57
-2283490
4,402524
320
472
37
Квадрат64
-14126333
2,410293
470
84
266
Квадрат58
-8638195
1,591357
174
487
347
Квадрат65
-6886173
2,977269
183
294
260
Квадрат59
-10886167
3,847405
66
44
433
Квадрат0
-4185628
5,536476
246
391
25
Квадрат66
-16028470
3,544245
396
3
254
Квадрат60
-3710257
4,414381
279
253
427
Квадрат1
-9936410
3,311957
376
301
262
Квадрат67
-8723024
4,11122
108
212
248
Квадрат61
-12788554
4,981357
492
462
421
Квадрат2
-2696243
3,878932
89
10
256
Квадрат68
-1481577
4,678196
321
422
242
Квадрат62
-5547108
5,548332
204
172
415
Квадрат3
-11838797
4,445909
302
220
250
Квадрат69
-533100
4,142749
131
179
70
Квадрат63
-14625661
6,115308
417
381
409
Квадрат4
-4533351
5,012884
14
429
244
Квадрат70
-12937889
7,50122
426
188
322
Квадрат64
-7449495
6,682284
130
90
403
Квадрат5
-13675648
5,57986
227
138
238
Квадрат71
-5696186
8,068195
138
397
316
Квадрат65
-16528048
7,24926
342
300
397
Квадрат6
-6435738
6,146836
440
348
232
Квадрат72
-14840276
8,635172
351
106
310
Квадрат66
-9286346
7,816236
55
9
391
Квадрат7
-15578035
6,713812
152
57
226
Квадрат73
-7598829
9,202147
64
316
304
Квадрат67
-1980899
8,383211
267
218
385
Квадрат8
-8272589
7,280788
365
266
220
Квадрат74
-16676877
9,769123
276
25
298
Квадрат68
-11188733
8,950188
480
428
379
Квадрат9
-3820271
1,225907
437
170
397
Квадрат75
-9500967
0,3360993
489
234
292
Квадрат69
-13436961
1,206235
372
484
465
Квадрат10
-3344650
0,1038114
470
32
299
Квадрат76
-2195264
0,9030752
202
443
286
